1.703525634746660522e+00 2.311861229700924003e+00
5.710792059268388066e+00 5.913480853079106758e+00
5.898440487515757447e+00 7.678125964639165524e+00
-1.039809843523798794e+00 5.473125897664702144e+00
3.510447442054490663e-01 6.640763414574668566e+00
4.483548372982348873e-01 5.142150088746010539e+00
1.453380769090266700e+00 6.775941397172921654e+00
-1.034317810904627155e+00 1.070524228532634048e+01
3.769111332851719176e+00 3.027659892840771416e+00
2.688507045194897582e+00 3.185432888667392604e+00
3.997167511875046042e+00 6.511148995267638462e+00
9.695897574435525801e-01 1.344594812825543428e+01
1.412330286774835519e+00 2.630219235033530722e+00
8.961193710267302492e+00 9.732304094308135589e+00
3.243816292363152165e+00 9.297404877099522125e+00
1.791216730520626799e+00 4.857762286004932761e+00
2.623713791819354491e+00 6.224768590971393678e+00
1.718526494475884236e+00 2.127505781797433215e+00
1.472629932669656583e+00 8.204721740319470769e+00
4.102348770392495680e+00 7.708280963938213937e+00
1.116075945788941093e+00 1.000162289562219309e+00
7.664421650782492490e-01 8.247175212547086076e+00
3.150328527230383813e+00 4.709102967670858675e+00
4.011481658342477274e+00 5.077459806351532379e+00
1.950509603332621689e+00 1.243327538182088077e+01
1.946924332985175088e+00 8.376042055605536163e+00
3.642256803894461825e+00 4.163166935805715063e+00
3.131839096484232865e+00 6.665899916688164062e+00
5.397850140611287095e+00 4.401351980841428535e+00
3.526065278698226724e+00 8.793086597719755204e+00
3.667308032552476504e+00 5.999836811569369210e+00
6.158745811701049178e+00 -7.225939061153781040e-01
5.066588649097602648e+00 2.468125879335817618e+00
-1.819734567182470730e+00 7.976896493065232185e+00
4.761943540168855016e+00 5.187336519744007113e+00
6.763053738163821826e+00 6.692367482807031642e+00
1.633586273443519366e+00 8.258363359047966590e-01
5.211077478289538156e+00 1.535334984954398241e+00
2.410476353058032206e+00 2.936113078725550718e+00
2.723825931640167397e+00 4.985172771437517802e+00
7.168183394280025489e-01 1.215753929801256206e+01
-2.216367642459939002e+00 1.015431593552976430e+01
1.159390287948289355e+00 2.778869328334257816e+00
3.845778855212943714e+00 1.786757199549193098e+00
-1.175832269158609389e+00 1.084955067412878194e+01
-1.408990679672838642e+00 1.863888330896597223e+00
-1.030723743770139755e+00 6.576746105491639405e+00
1.061416550324746133e+00 2.211352565940080339e+00
-2.644988441549149805e-01 8.746410398427810762e+00
-2.358185009670550336e-01 3.554173904929169403e+00
4.497208515184808242e+00 6.042238538082154164e+00
2.518721513118399535e+00 6.694522890184173569e+00
6.861764968035801715e+00 7.248367511227893800e+00
1.294623853127205848e-01 1.935282297807555008e+00
5.721957611497970220e+00 4.507748496248194847e+00
5.812755962790637554e+00 2.417691865634482351e+00
-7.127609088256570136e-01 8.769691503032925439e+00
-3.808412728177059670e-01 5.587777005169732192e+00
2.600418923345245936e+00 3.315023758130779541e+00
4.768088642163598401e+00 5.005793778966864949e+00
