3.762360408649870092e+00 8.417954546706488017e+00
3.768322720634871725e+00 5.208203395676345160e+00
7.412670682228563734e-01 7.171079676436944439e+00
-3.295411073620658549e+00 5.821175188452626159e+00
-1.310125892925877444e-01 5.899895139316364556e-01
1.679443067893564567e+00 7.583826863053519496e+00
8.552919975947439468e-01 5.554037858387141924e+00
3.830976744268080214e+00 9.271072063603883251e+00
1.418154905286552525e+00 5.076643538256790933e+00
-2.541118914296360387e+00 2.733837261978536937e+00
2.037719192089876064e+00 9.389268547022451727e+00
8.034352674749994705e+00 4.576641572529332791e+00
3.133018120078042035e+00 7.451903099500365002e+00
5.905946941100606473e+00 4.438900188132806512e+00
4.607887956070348068e+00 5.082054907632509000e+00
3.218605289529855806e+00 5.883691340047272789e+00
7.423646319809886762e+00 8.986142848850432685e+00
1.270330663027364970e+00 4.824450317012597189e+00
4.758178876018281045e+00 4.964750655137764923e+00
6.065797569271017542e-01 9.091208734702181715e+00
6.070212827886875218e+00 7.144676767729999156e+00
5.389218653801067127e+00 2.961111751606507081e+00
4.741066236579231763e+00 2.205945577732046914e-01
4.233150968583048623e+00 7.290572437175806719e+00
4.327652626242462830e+00 8.508507294072748195e+00
-4.271377089092078805e-01 9.724329805673145088e+00
6.489936556934909895e+00 4.209988618519706627e+00
1.916759685415690528e+00 7.678962429265425271e+00
-3.435996325170869170e-01 1.231293316028629681e+00
6.779471321530868622e+00 8.925063768548804788e+00
6.416295046562183302e+00 6.118442026866982353e+00
1.318908817949688395e+00 2.250627244267250138e+00
7.453319579003444773e+00 6.161576343825879043e+00
1.947968852230555603e+00 7.844379723321384112e-01
4.124701776669826181e+00 6.294698029390087157e+00
2.827399202283164215e+00 -6.984489653877328230e-01
6.232840580649140705e+00 6.479517274319610110e+00
3.561326722796086308e+00 5.856727565538641045e+00
5.545413415555469072e+00 6.423867589497918473e+00
4.549176580961258765e+00 4.228940462999169370e+00
1.129365769926206298e+00 2.039122158202290702e+00
1.240394548500645788e+00 9.590281745272889680e+00
4.639098380446139203e+00 3.615362524769796693e+00
1.821345290543141981e+00 2.938978428406976651e+00
3.135307842128226774e+00 1.101427374842338303e+01
3.952592174362732802e+00 7.497105322610877920e+00
3.970367792649809324e+00 1.788449493849061822e+00
-3.751994567801775204e-02 7.244995727168161537e+00
3.487189683761745318e+00 6.863957185992442867e+00
3.448174522496058714e+00 9.644895733612456112e+00
4.292944130496870514e+00 2.462961568519316913e+00
1.932607725181496150e+00 4.669297036647956034e+00
3.834868980125555105e+00 5.343351537205990098e+00
3.695073229546486981e+00 4.568121744217054747e+00
4.177638584916143483e-01 3.885134333218353220e+00
2.453809158070164198e+00 -1.956184037510162455e-01
6.758821906990077899e-01 8.081583114747738605e+00
4.332733343378981417e+00 1.664134525958691935e+00
1.285079599372293657e+00 -1.276673037741393735e-01
2.616348592885893165e-01 9.541494824282205300e+00
5.028643450378078583e+00 5.787492188997683584e+00
7.386226013148840863e+00 3.786704692464563315e+00
3.126309565101418553e+00 1.858923470147481716e+00
1.695038086440850078e+00 9.374734119543754574e+00
6.699162276768987567e+00 4.954411937628751872e+00
4.241000887099145800e+00 2.033785671270717632e+00
4.469518099270417544e+00 5.299337994365704851e+00
1.721572125262590847e+00 8.116115317381924044e+00
4.214862249724449228e-02 3.446273006914303938e+00
-7.242011862474813100e-01 4.754726437388653082e+00
2.123049311327671607e+00 5.506347122843530784e+00
5.058137214924298242e+00 3.976675303170910780e+00
9.583008397758080221e+00 5.126385653984676161e+00
-4.501369348577015650e-01 5.269117783991047688e+00
5.075434302673224707e+00 4.276539909584238686e+00
-9.054519336274915453e-01 1.135854430716573660e+01
3.428683016587653842e+00 7.399560230184635046e+00
5.581030165372078855e+00 7.476303042448327218e+00
1.641456518159399636e+00 8.976890941878828301e+00
8.697360991929831142e-01 8.977240351137538710e+00
6.832437035136436521e+00 2.935654087210950003e+00
1.997582806834500957e+00 1.045412470268849070e+01
1.545770127122020554e+00 9.516089775841166443e+00
5.053499071319325964e+00 8.577495280149902257e+00
1.270353359888041878e+00 6.383970846902027318e+00
2.059574858133788933e+00 4.492399015437399612e+00
2.438043418362997095e+00 8.590903348440187770e+00
1.886355489041233735e-01 7.799882842374814551e+00
5.420065039779004223e+00 1.070631070358282599e+01
1.627879394784373268e+00 9.754287444519064820e+00
3.837252527489979137e+00 5.142054674026568684e+00
7.814824333887758101e+00 5.008758925517907912e+00
2.099971478068448416e+00 2.312278438427182170e+00
1.455082615271549695e+00 2.430120931316506638e+00
6.856669911912964821e+00 2.453064644777942060e+00
-1.131957026154152945e+00 9.831633162697920980e+00
1.372826872892810135e+00 1.199014931627506941e+00
2.852991877124666509e-01 4.271265728042568988e+00
1.095220677637406492e+00 6.361325900428953517e+00
5.411180586890386834e+00 5.058046014731298001e+00
2.377335436470063623e+00 1.722688814617919117e+00
6.111192380430814808e+00 5.083356784304657872e+00
3.707173010203562935e+00 3.762070083400645526e+00
-5.640629966368111425e-01 1.685384595664502605e+00
3.077681433347209339e+00 4.939778148043853179e+00
4.156450464880561135e+00 9.339923009206358984e-01
8.595130439967424429e-01 4.277326831442614719e+00
-1.772671083353073218e+00 1.210318049120371242e+01
5.133322780614362202e+00 2.128164279231257616e+00
2.973788360126974784e+00 2.833929404669367269e+00
3.699503289132042738e+00 1.302118748687135508e+00
2.569377291372437533e+00 7.011907524323042651e+00
7.437727775286928633e+00 5.328000336302703310e+00
2.928783964622380331e+00 5.222732197328944892e+00
1.134108560148501255e+00 7.685279198127304312e+00
4.169605954239212764e+00 2.139890856362684612e+00
7.837701349260346451e-01 9.793538446790407193e+00
1.769947870537710521e+00 8.116249028425418288e+00
1.988836964251769146e+00 4.783919059766350124e+00
1.988616000503197867e+00 6.353137200832085441e+00
2.289549174496553263e+00 8.722986137864984002e+00
2.783865186739060249e+00 1.193506700598507608e+00
2.319013215016121343e+00 4.959960588014135752e+00
-7.874959229354256962e-01 8.288458989197769355e+00
4.315157450280623586e+00 2.782547532154689307e+00
6.453055871953119471e-01 6.868551023164069846e+00
1.288584879423716689e+00 3.852826962751084938e+00
3.514090682620820250e+00 4.110122979259601905e+00
7.544996859510208154e+00 6.042342735810786181e+00
3.437595872352596338e+00 5.202679869697258042e+00
1.403559952755700113e+00 9.341356814862512792e+00
8.906710781350945183e+00 4.682265708414794503e+00
3.569432618337378127e-01 4.556205895541837414e+00
3.869789951196860311e-01 1.130956843547609614e+00
-9.372879401859268711e-03 2.007274233617116987e+00
2.627788789987562268e+00 9.334136119457397740e+00
7.457844861377028955e+00 3.964965380826389385e+00
2.760330132765790090e+00 1.147841489494409473e+01
4.522668388883515078e+00 1.148975995508476622e+00
1.636122354141759772e+00 8.160839838212281094e+00
2.638425328972564099e+00 -7.584000253126013114e-01
5.347995589128806238e+00 8.621357730082404913e+00
2.897433758117167635e+00 4.057916392600680489e+00
3.627024007374413550e+00 2.142271782160904525e+00
-8.583992396769608568e-01 8.115409640942715441e+00
2.318381214280377911e+00 5.295138345040991013e+00
-2.496169216137301028e+00 9.346909007325116647e+00
1.602371072642327476e+00 5.767579452020562769e+00
1.598007627333926539e+00 2.849540122703063894e+00
4.611351397239601191e+00 5.269182469106168831e+00
3.673321435535421120e+00 3.649361089267272540e+00
4.859981453052196976e+00 5.536270845820459030e+00
2.421279871422374441e+00 3.620626103974460275e+00
3.841222805471933732e+00 7.351640672419196498e+00
2.519120109401617569e+00 5.932162674917297096e+00
4.333362145120318587e+00 8.029936521351563883e+00
5.859243739877153523e+00 4.120147970698580409e+00
9.015505788862342440e-01 1.310709166655014357e+01
8.092487766213018574e+00 5.807117203121152649e+00
6.111930788874584408e+00 4.055478750464265758e+00
-3.060191867349493222e-02 2.372568030790263016e+00
5.575936946573637698e+00 1.993051459004994364e+00
-3.988000985830630896e-03 3.466478241653340842e+00
-2.349247958867073383e+00 7.540422769194940145e+00
4.616581275584623612e+00 2.918268986878884252e+00
1.461307641209161901e+00 1.024393864209122373e+00
8.282806019945443410e+00 2.810846354243353495e+00
1.419064683521183312e+00 -2.994362111184312170e-01
5.679975859370012259e+00 4.879912937895063862e+00
2.231388627948990955e+00 7.216249055999115924e+00
5.673075822065047014e+00 3.873235246200188442e-01
3.726680794022096066e+00 4.247780574439405044e+00
1.850501613495321829e+00 8.882633437921594322e-02
4.545671238600038855e+00 2.805519310164092062e+00
3.002696167079864864e+00 2.591067652876349658e+00
-6.210628807808464824e-01 6.580463513609392301e+00
5.219504153681296721e+00 6.546048497808787836e+00
1.121107895296564960e+00 2.570308361277487741e+00
3.594764248498775183e-01 8.385869017210366039e+00
9.578688355271192112e-01 5.306619871032513203e+00
2.360378065607102283e+00 3.682677589931816264e+00
1.605611853950675183e+00 6.429943929076589626e+00
1.245754508510635183e+00 2.317137390021915877e+00
-2.875629093953666171e+00 5.108464656484077437e+00
1.277223909033717408e+00 1.936621004353128228e+00
9.438902213011098885e-01 9.327036420838467734e+00
5.753338572610608992e+00 7.530773566994620083e+00
6.192647481721219371e+00 5.700281934715251353e+00
9.563453653296775769e+00 3.172407524844786053e+00
3.171417149190080664e+00 6.034313279709318856e+00
2.910763209393540940e+00 3.826241759018819355e+00
-4.410812833216686268e-01 6.444410190095059221e+00
3.423047162775686658e+00 8.657662005699505059e+00
1.078662345869765060e+00 7.098156712920506983e+00
2.210655237457021638e+00 1.722004204839149288e+00
1.968839748974492654e+00 9.876927497539579548e+00
8.327264716627856833e-01 9.932288112393637292e+00
1.004154762122465794e+00 -1.076511541883760970e+00
1.897964867652540244e+00 7.412860848811173575e+00
4.778698890940881405e+00 6.055640496670180006e+00
3.472603830917099010e+00 2.801793816688289862e+00
-1.896719388396654438e+00 1.162480364505331565e+01
-1.896977745672711269e+00 1.088933904497336158e+01
5.001135019133812420e+00 1.194376360434123718e+01
8.390406835219449633e+00 3.407835776594362542e+00
-6.230252818895110067e-02 7.575104662999850191e+00
-1.283642162026636058e+00 3.640371063150331654e+00
2.816271407177353581e+00 1.022082134636859863e+01
7.925972890330319487e-01 5.329015408098535467e+00
-1.227796140252184642e+00 3.664602619279643925e+00
6.548219921616650119e+00 4.821534859805234774e+00
8.966521045521105293e+00 2.917145640352700742e+00
2.245804456092186374e+00 2.511676397536088956e-01
1.713401336237082351e+00 3.076504986228496108e+00
1.707777661524991997e+00 4.833117381846744998e+00
2.288828322169524920e+00 7.506513928056225637e+00
3.965721586721180358e+00 1.832793066743764410e+00
4.807027878912052188e+00 6.705980984348845375e+00
2.106786265328117302e+00 2.154333595734809315e+00
1.195185283703978918e-01 9.935038689824899905e+00
3.316198395093501894e+00 7.368495340480765599e+00
4.133391285314210961e+00 5.901400103765580774e+00
7.405677013581817292e-01 5.291025007841247962e+00
5.127179528565388722e+00 1.103331508844117081e+01
2.014339361719541088e+00 6.479751024452510499e+00
3.895745051846479790e+00 7.278234969700443813e+00
3.018864335629513285e+00 3.890463406132180779e+00
2.976986428942889784e+00 7.893218311249248664e+00
1.679600816646525496e+00 2.109372477776306543e+00
-3.748390062360287267e-01 8.794130650067506494e+00
4.053693178924762996e+00 5.534543816114739556e+00
2.811906127993252902e+00 5.862299235444769607e+00
1.122537000512816796e+00 9.438163713803032095e+00
5.063416236118053249e+00 3.836952207817331484e+00
8.602107947424606493e-01 3.287266929600914267e+00
3.640142313686578923e+00 4.790553026851960716e+00
4.138692924595965827e+00 -4.563310805465419229e-01
2.186445893280722252e+00 3.632474329340329877e+00
-6.335182687586653483e-01 7.444602641066797588e+00
2.035605309299936216e+00 7.837300747877999463e+00
